    4.0   80.0    2
    4.0   75.0    2
    4.4   85.0    2
    3.7   54.0    2
    3.9   52.0    2
    4.9   78.0    2
    2.9   46.0    1
    4.0   63.0    2
    4.1   85.0    2
    4.2   62.0    2
    4.2   64.0    2
    4.1   39.0    2
    4.0  100.0    2
    4.7   47.0    2
    4.3   70.0    2
    3.8  100.0    2
    2.7   36.0    2
    3.8  100.0    2
    4.6   52.0    2
    3.8   40.0    2
    5.0   74.0    2
    3.8   60.0    2
    4.3   73.0    2
    4.1   90.0    2
    4.0  100.0    2
    4.0   21.0    2
    4.4   60.0    2
    4.4  100.0    2
    3.3   46.0    2
    4.2   85.0    2
    4.2   77.0    2
    4.4   70.0    2
    4.0  100.0    2
    4.2   74.0    2
    3.9   52.0    2
    4.3   74.0    2
    4.5  100.0    2
    4.0   90.0    2
    3.4   29.0    2
    3.1   41.0    2
    3.5   66.0    2
    4.0   54.0    2
    4.0   57.0    2
    4.1   56.0    2
    4.0   76.0    2
    4.4   57.0    2
    4.2  100.0    2
    4.0  100.0    2
    3.9   58.0    2
    4.0   46.0    2
    4.4   84.0    2
    3.4   41.0    2
    3.6   38.0    2
    4.2   67.0    2
    3.9  100.0    2
    4.2   66.0    2
    2.7   31.0    1
    3.0   66.0    2
    3.9   51.0    2
    2.1   46.0    1
    3.6   67.0    2
    3.0   31.0    1
    3.8   29.0    2
    3.9   62.0    2
    2.9   23.0    1
    4.0   72.0    2
    4.1  100.0    2
    2.4   32.0    1
    3.3   30.0    1
    3.4   50.0    2
    3.8   90.0    2
    3.5   56.0    2
    2.6   31.0    1
    4.2   85.0    2
    3.5   43.0    1
    3.0   63.0    2
    3.5   35.0    2
    4.2   54.0    2
    3.3   50.0    1
    4.1   48.0    2
    3.1   42.0    1
